4294967294,0
4294967278,130
4294967278,129
4294967278,128
4294967278,127
4294967278,126
4294967278,125
4294967278,124
4294967278,123
4294967278,122
4294967278,121
4294967278,120
4294967278,119
4294967278,118
4294967278,117
4294967278,116
4294967278,115
4294967278,114
4294967278,113
4294967278,112
4294967278,111
4294967278,110
4294967278,109
4294967278,108
4294967278,107
4294967278,106
4294967278,105
4294967278,104
4294967278,103
4294967278,102
4294967278,101
4294967278,100
4294967278,99
4294967278,98
4294967278,97
4294967278,96
4294967278,95
4294967278,94
4294967278,93
4294967278,92
4294967278,91
4294967278,90
4294967278,89
4294967278,87
4294967278,86
4294967278,85
4294967278,84
4294967278,83
4294967278,82
4294967278,81
4294967278,80
4294967278,79
4294967278,78
4294967278,77
4294967278,76
4294967278,75
4294967278,74
4294967278,73
4294967278,72
4294967278,71
4294967278,70
4294967278,69
4294967278,68
4294967278,67
4294967278,66
4294967278,65
4294967278,64
4294967278,63
4294967279,85
4294967279,84
4294967279,83
4294967279,80
4294967279,79
4294967279,78
4294967279,76
4294967279,74
4294967279,73
4294967279,72
4294967279,67
4294967279,64
4294967279,59
4294967279,56
4294967279,55
4294967279,53
4294967279,51
4294967279,50
4294967279,48
4294967279,47
4294967279,46
4294967279,39
4294967279,37
4294967279,34
4294967279,33
4294967279,32
4294967279,29
4294967279,26
4294967279,25
4294967279,20
4294967279,13
4294967279,12
4294967279,10
4294967279,8
4294967279,7
4294967279,6
4294967279,5
4294967279,4
4294967294,7
0,5
4294967293,131
4294967293,130
4294967293,129
4294967293,128
4294967293,127
4294967293,126
4294967293,125
4294967293,124
4294967293,123
4294967293,122
4294967293,121
4294967293,120
4294967293,119
4294967293,118
4294967293,117
4294967293,116
4294967293,115
4294967293,114
4294967293,113
4294967293,112
4294967293,111
4294967293,110
4294967293,109
4294967293,108
4294967293,107
4294967293,106
4294967293,105
4294967293,104
4294967293,103
4294967293,102
4294967293,101
4294967293,100
4294967293,99
4294967293,98
4294967293,97
4294967293,96
4294967293,95
4294967293,94
4294967293,93
4294967293,92
4294967293,91
4294967293,90
4294967293,89
4294967293,87
4294967293,86
4294967293,85
4294967293,84
4294967293,83
4294967293,82
4294967293,81
4294967293,80
4294967293,79
4294967293,78
4294967293,77
4294967293,76
4294967293,75
4294967293,74
4294967293,73
4294967293,72
4294967293,71
4294967293,70
4294967293,69
4294967293,68
4294967293,67
4294967293,66
4294967293,65
4294967293,64
4294967293,63
4294967293,62
4294967293,61
4294967293,60
4294967293,59
4294967293,58
4294967293,57
4294967293,56
4294967293,55
4294967293,54
4294967293,53
4294967293,52
4294967293,51
4294967293,50
4294967293,49
4294967293,48
4294967293,47
4294967293,46
4294967293,45
4294967293,44
4294967293,43
4294967293,42
4294967293,41
4294967293,40
4294967293,39
4294967293,38
4294967293,37
4294967293,36
4294967293,35
4294967293,34
4294967293,33
4294967293,32
4294967293,31
4294967293,30
4294967293,29
4294967293,28
4294967293,27
4294967293,26
4294967293,25
4294967293,24
4294967293,23
4294967293,22
4294967293,21
4294967293,20
4294967293,19
4294967293,18
4294967293,17
4294967293,16
4294967293,15
4294967293,14
4294967293,13
4294967293,12
4294967293,11
4294967293,10
4294967293,9
4294967293,8
4294967293,7
4294967293,6
4294967293,5
4294967293,4
4294967293,3
4294967279,130
4294967279,125
4294967279,120
4294967279,118
4294967279,174
4294967279,109
4294967279,107
4294967279,94
4294967278,431
311,20
311,0
311,19
311,18
311,17
311,16
311,15
311,14
311,13
311,12
311,11
311,10
311,9
311,8
311,7
311,6
311,5
4294967278,430
337,7
337,6
337,5
337,4
337,3
337,2
337,1
4294967279,490
4294967279,464
4294967278,429
4294967278,428
4294967278,427
4294967279,432
4294967279,299
4294967278,332
4294967294,417
4294967294,405
4294967294,179
4294967294,168
4294967294,423
4294967294,448
4294967294,118
4294967294,397
4294967294,108
4294967278,426
334,6
334,5
334,4
334,3
334,2
334,1
4294967279,481
4294967278,425
4294967278,424
4294967279,470
4294967278,153
4294967279,152
4294967278,423
4294967278,141
332,6
4294967278,140
332,5
332,4
4294967278,139
332,3
332,2
332,1
4294967278,293
4294967279,272
4294967278,270
4294967278,272
4294967278,271
4294967279,468
4294967279,467
4294967278,267
4294967279,284
4294967278,397
4294967278,265
4294967279,479
4294967278,264
4294967279,283
4294967278,263
4294967278,262
330,5
4294967278,261
330,4
330,3
330,2
330,1
4294967278,375
4294967294,1248
4294967294,1085
4294967294,1069
4294967294,1073
4294967294,1080
4294967294,420
4294967279,420
4294967278,399
4294967279,477
329,5
329,4
329,3
329,2
329,1
4294967279,469
4294967279,253
4294967279,251
4294967279,244
4294967279,471
4294967279,234
4294967279,230
327,6
327,5
327,4
327,3
327,2
327,1
4294967278,422
4294967278,374
4294967279,416
4294967279,99
4294967279,92
4294967278,421
4294967278,198
325,5
325,4
325,3
325,2
325,1
4294967278,387
4294967278,292
4294967278,276
4294967278,275
4294967279,129
4294967279,123
4294967279,122
4294967279,121
4294967279,114
4294967279,112
4294967279,111
4294967279,110
4294967279,108
4294967279,478
4294967279,103
4294967279,101
4294967279,100
4294967279,98
4294967279,91
4294967279,88
4294967279,453
4294967279,295
4294967279,275
4294967279,480
4294967279,409
4294967279,408
4294967278,402
4294967278,394
4294967278,300
323,5
323,4
323,3
323,2
323,1
4294967278,334
4294967279,398
4294967278,333
322,5
322,4
322,3
322,2
322,1
4294967279,475
4294967279,489
4294967278,154
321,5
321,4
321,3
321,2
321,1
320,7
320,6
320,5
320,4
320,3
320,2
320,1
4294967279,139
4294967278,138
4294967279,276
4294967278,136
4294967278,135
4294967278,274
4294967278,134
4294967278,133
4294967279,292
4294967279,268
4294967278,268
4294967279,267
4294967278,283
4294967278,266
4294967278,406
4294967278,280
4294967278,257
4294967278,316
4294967294,1420
4294967279,315
4294967279,419
4294967279,442
4294967278,254
4294967279,418
4294967278,310
4294967279,256
4294967294,398
4294967294,116
4294967294,110
4294967294,400
4294967279,255
4294967278,252
4294967279,254
4294967278,249
4294967278,248
4294967279,250
4294967278,247
4294967279,248
4294967279,246
4294967278,243
4294967278,241
312,4
4294967278,239
312,3
312,2
312,1
4294967279,240
4294967294,173
4294967294,1155
4294967278,238
4294967279,238
311,4
4294967279,237
311,3
311,2
311,1
4294967278,235
4294967279,235
4294967278,233
4294967278,229
309,4
309,3
309,2
309,1
4294967278,223
4294967279,223
4294967279,221
4294967278,219
4294967279,219
4294967279,217
4294967279,437
4294967279,214
306,4
306,3
306,2
306,1
4294967278,209
