4294967279,132
4294967279,131
4294967278,27
4294967278,26
4294967278,25
4294967278,24
4294967278,23
4294967278,22
4294967278,21
4294967278,20
4294967278,19
4294967278,18
4294967278,17
4294967278,16
4294967278,15
4294967278,14
4294967278,13
4294967278,12
4294967278,11
4294967278,10
4294967278,9
4294967278,8
4294967278,7
4294967278,6
4294967278,5
4294967278,4
4294967278,347
4294967278,125
4294967278,123
4294967278,119
4294967278,114
4294967278,109
4294967278,104
4294967278,102
4294967278,98
4294967278,93
4294967278,87
4294967278,82
4294967278,76
4294967278,71
4294967278,69
4294967278,66
4294967278,385
4294967278,384
4294967278,297
4294967278,62
4294967278,288
4294967278,61
4294967278,379
4294967278,60
4294967278,334
4294967278,59
4294967278,296
4294967278,58
4294967278,57
4294967278,56
4294967278,332
4294967278,55
4294967278,54
4294967278,295
4294967278,53
4294967278,364
4294967278,52
4294967278,279
4294967278,51
4294967278,50
4294967278,331
4294967278,49
4294967278,48
4294967278,329
4294967278,47
4294967278,46
4294967278,45
4294967278,363
4294967278,44
4294967278,383
4294967278,43
4294967278,362
4294967278,42
4294967278,382
4294967278,41
4294967278,40
4294967278,327
4294967278,39
4294967278,38
4294967278,325
4294967278,37
4294967278,36
4294967278,324
4294967278,35
4294967278,292
4294967278,34
4294967278,360
4294967278,33
4294967278,378
4294967278,32
4294967278,31
4294967278,377
4294967278,30
4294967278,29
4294967278,28
4294967278,0
4294967278,260
4294967279,412
4294967279,87
4294967279,86
4294967279,435
4294967279,85
4294967279,434
4294967279,84
4294967279,304
4294967279,83
4294967279,82
4294967279,81
4294967279,80
4294967279,303
4294967279,78
4294967279,449
4294967279,77
4294967279,76
4294967279,448
4294967279,75
4294967279,300
4294967279,74
4294967279,433
4294967279,72
4294967279,138
4294967279,71
4294967279,405
4294967279,70
4294967279,404
4294967279,403
4294967279,68
4294967279,67
4294967279,65
4294967279,446
4294967279,63
4294967279,61
4294967279,400
4294967279,399
4294967279,58
4294967279,56
4294967279,55
4294967279,430
4294967279,53
4294967279,52
4294967279,397
4294967279,51
4294967279,298
4294967279,50
4294967279,49
4294967279,48
4294967279,47
4294967279,46
4294967279,157
4294967279,45
4294967279,297
4294967279,44
4294967279,393
4294967279,43
4294967279,427
4294967279,42
4294967279,41
4294967279,426
4294967279,39
4294967279,38
4294967279,35
4294967279,425
4294967279,34
4294967279,424
4294967279,33
4294967279,295
4294967279,32
4294967279,31
4294967279,29
4294967279,28
4294967279,27
4294967279,26
4294967279,24
4294967279,275
4294967279,23
4294967279,134
4294967279,22
4294967279,18
4294967279,12
4294967279,11
4294967279,5
4294967279,4
4294967279,37
4294967279,391
4294967279,36
4294967279,453
4294967279,146
4294967279,145
4294967279,144
4294967279,142
4294967279,140
4294967279,139
4294967279,276
4294967279,423
4294967279,463
4294967279,25
4294967279,294
4294967279,135
4294967279,293
4294967279,462
4294967279,21
4294967279,20
4294967279,274
4294967279,19
4294967279,385
119,20
119,0
119,19
119,18
119,17
119,16
119,15
119,14
119,13
119,12
119,11
119,10
119,9
119,8
119,7
119,6
119,5
4294967279,271
4294967279,17
4294967279,384
4294967279,16
4294967279,269
4294967279,15
4294967279,14
4294967279,286
4294967279,13
4294967294,1425
4294967294,22
4294967279,10
4294967279,264
4294967278,129
4294967279,9
4294967279,8
4294967279,282
4294967294,1426
4294967279,6
4294967279,281
4294967279,318
4294967278,316
145,7
145,6
4294967278,315
145,5
145,4
4294967278,314
145,3
145,2
145,1
4294967278,374
4294967278,127
4294967278,312
4294967278,126
4294967278,254
4294967278,311
4294967278,124
4294967278,373
4294967279,461
4294967279,410
4294967279,0
4294967278,252
4294967278,248
4294967278,247
4294967278,117
4294967278,242
4294967278,116
4294967278,240
4294967278,115
4294967278,308
4294967278,113
4294967278,236
4294967278,233
4294967278,231
4294967278,107
4294967278,224
4294967278,106
4294967278,222
4294967278,105
4294967278,220
4294967278,395
4294967278,214
4294967278,212
142,6
142,5
4294967278,211
142,4
142,3
142,2
142,1
4294967278,96
4294967278,304
4294967278,94
4294967278,372
4294967278,92
4294967278,204
4294967278,346
4294967278,203
4294967278,202
4294967279,455
4294967278,85
4294967278,343
4294967278,84
4294967278,381
4294967278,83
4294967278,386
4294967278,81
4294967278,369
4294967279,409
4294967278,191
140,6
140,5
140,4
4294967279,191
140,3
140,2
140,1
4294967279,406
4294967278,74
4294967278,367
4294967294,387
4294967278,73
4294967278,339
4294967279,73
4294967278,72
4294967278,380
4294967294,393
4294967294,389
4294967294,390
4294967294,114
4294967278,70
4294967278,337
4294967278,182
4294967278,181
4294967279,182
4294967278,179
4294967278,64
4294967279,64
4294967279,401
4294967278,63
4294967279,62
4294967279,175
138,5
138,4
138,3
138,2
138,1
4294967279,54
4294967279,444
137,5
137,4
137,3
137,2
137,1
4294967279,40
4294967279,149
4294967294,176
4294967294,1079
4294967294,1160
4294967294,1154
4294967294,162
4294967279,143
4294967279,30
4294967279,388
